477
488
504
523
549
569
592
616
628
633
651
681
711
748
776
805
827
844
868
877
884
889
894
903
907
914
932
950
963
976
1004
1028
1043
1040
1046
1046
1048
1042
1047
1064
1095
1126
1147
1161
1168
1159
1151
1154
1185
1214
1235
1245
1258
1268
1276
1280
1291
1309
1327
1350
1369
1401
1421
1450
1464
1478
1467
1459
1457
1467
1480
1490
1504
1516
1536
1556
1574
1592
1612
1632
1644
1660
1680
1697
1708
1731
1754
1777
1799
1821
1843
1851
1831
1807
1783
1787
1789
1805
1824
1846
1854
1859
1863
1854
1845
1836
1835
1838
1841
1865
1897
1935
1956
1965
1968
1972
1992
2013
2029
2056
2093
2140
2175
2207
2245
2272
2296
2320
2344
2365
2350
2331
2312
2305
2307
2351
2412
2465
2512
2552
2576
2564
2563
2582
2623
2656
2684
2716
2767
2816
2837
2836
2855
2863
2880
2885
2907
2949
2987
3026
3051
3081
3109
3128
3161
3198
3250
3277
3291
3293
3295
3299
3296
3293
3292
3310
3337
3364
3372
3376
3371
3367
3377
3431
3484
3526
3534
3560
3585
3579
3558
3534
3548
3563
3578
3586
3591
3602
3605
3614
3619
3632
3638
3656
3673
3730
3779
3828
3839
3849
3855
3864
3866
3875
3881
3890
3896
3919
3944
3967
3975
3980
3987
3990
3995
4002
3982
3961
3938
3947
3957
3961
3964
3972
3993
4010
4007
4002
3998
4012
4021
4035
4050
4066
4093
4114
4139
4130
4121
4108
4120
4111
4089
4083
4096
4123
4121
4130
4138
4157
4168
4183
4195
4206
4226
4250
4271
4306
4334
4367
4372
4396
4422
4448
4456
4464
4476
4488
4492
4498
4527
4574
4606
4624
4628
4642
4642
4642
4642
4646
4652
4684
4717
4762
4797
4832
4874
4896
4933
4979
5026
5042
5030
5025
5027
5028
5024
5024
5023
5026
5034
5049
5071
5092
5111
5132
5153
5172
5189
5208
5224
5241
5258
5278
5289
5298
5307
5311
5318
5329
5342
5361
5374
5405
5422
5438
5445
5454
5478
5481
5489
5479
5481
5485
5503
5523
5545
5556
5566
5576
5575
5587
5591
5604
5603
5607
5615
5623
5631
5630
5629
5625
5628
5634
5640
5660
5677
5698
5705
5713
5714
5721
5723
5728
5747
5768
5787
5805
5834
5869
5885
5894
5902
5898
5889
5886
5895
5909
5914
5919
5927
5935
5953
5966
5984
5990
5994
5991
5990
6001
6012
6002
5985
5970
5981
5996
6011
6027
6038
6053
6066
6066
6064
6085
6117
6147
6153
6159
6176
6194
6228
6236
6240
6228
6231
6240
6249
6259
6265
6265
6271
6282
6299
6310
6315
6321
6327
6344
6360
6376
6382
6388
6394
6400
6416
6431
6448
6453
6463
6467
6479
6486
6496
6498
6533
6567
6601
6607
6613
6610
6612
6614
6628
6637
6663
6688
6714
6712
6702
6697
6708
6719
6713
6698
6694
6704
6714
6721
6720
6723
6730
6737
6755
6784
6809
6824
6849
6893
6958
6998
7009
7001
6986
6980
6971
6975
6987
7015
7037
7063
7082
7101
7111
7118
7125
7136
7151
7179
7183
7183
7174
7184
7185
7185
7185
7206
7227
7256
7271
7284
7315
7342
7379
7402
7429
7446
7452
7454
7455
7446
7445
7452
7471
7500
7526
7561
7578
7594
7602
7627
7632
7636
7620
7613
7606
7610
7625
7642
7656
7669
7681
7689
7728
7766
7796
7790
7798
7816
7809
7791
7776
7793
7766
7736
7702
7714
7721
7728
7747
7774
7802
7820
7833
7834
7822
7807
7799
7797
7798
7803
7821
7843
7865
7874
7889
7905
7921
7919
7915
7903
7884
7866
7852
7850
7855
7872
7892
7931
7964
7997
8005
8011
8018
8032
8046
8068
8085
8103
8129
8151
8176
8169
8163
8161
8176
8228
8262
8309
8339
8379
8399
8398
8397
8400
8399
8393
8387
8424
8466
8516
8529
8551
8579
8605
8639
8672
8696
8731
8758
8796
8809
8824
8838
8843
8842
8849
8853
8856
8850
8858
8867
8876
8881
8900
8922
8943
8951
8969
8988
9006
9011
9011
9016
9033
9040
9033
9014
9027
9062
9099
9118
9123
9127
9131
9138
9147
9159
9170
9178
9180
9180
9189
9201
9213
9218
9223
9232
9241
9246
9245
9247
9264
9283
9297
9304
9312
9325
9341
9360
9378
9393
9412
9431
9448
9457
9463
9467
9478
9476
9474
9465
9480
9501
9536
9555
9569
9575
9586
9617
9674
9737
9779
9784
9780
9776
9784
9792
9801
9797
9799
9800
9828
9855
9880
9915
9947
9988
9989
10005
10016
10058
10083
10109
10115
10126
10140
10160
10177
10188
10202
10218
10237
10246
10253
10255
10254
10249
10255
10263
10279
10286
10294
10298
10302
10290
10278
10267
10271
10265
10270
10268
10284
10299
10327
10363
10388
10405
10407
10409
10413
10416
10416
10427
10440
10464
10477
10492
10502
10502
10498
10500
10516
10534
10546
10557
10566
10572
10573
10598
10624
10625
10602
10585
10596
10612
10623
10635
10620
10604
10584
10610
10636
10668
10676
10701
10723
10741
10743
10747
10752
10758
10736
10724
10704
10707
10700
10715
10723
10737
10735
10749
10775
10807
10833
10845
10875
10905
10940
10951
10959
10961
10966
10969
10974
10968
10963
10958
10962
10986
11009
11031
11063
11096
11134
11182
11230
11272
11278
11286
11295
11293
11288
11282
11313
11343
11374
11381
11374
11366
11355
11358
11363
11369
11366
11365
11365
11376
11376
11374
11376
11370
11375
11370
11388
11397
11411
11420
11424
11431
11414
11403
11392
11409
11434
11457
11477
11494
11507
11514
11513
11514
11517
11520
11523
11545
11574
11603
11627
11644
11663
11659
11662
11656
11659
11676
11706
11747
11774
11795
11813
11833
11844
11851
11851
11862
11869
11885
11909
11939
11954
11961
11962
11959
11949
11939
11937
11940
11962
11984
12014
12029
12048
12063
12071
12077
12094
12114
12149
12172
12197
12202
12223
12253
12283
12287
12281
12274
12271
12272
12282
12302
12317
12322
12335
12364
12400
12423
12430
12443
12452
12463
12466
12466
12461
12461
12469
12480
12486
12490
12490
12498
12503
12518
12539
12571
12597
12609
12620
12634
12648
12655
12659
12663
12671
12708
12745
12778
12782
12786
12792
12799
12813
12825
12834
12813
12792
12791
12836
12875
12934
12948
12952
12918
12902
12892
12884
12880
12886
12883
12880
12880
12892
12913
12935
12959
12958
12950
12939
12948
12960
12979
12995
13010
13023
13029
13035
13032
13016
13001
12987
12994
13020
13045
13063
13068
13078
13102
13125
13150
13147
13152
13137
13136
13117
13107
13111
13134
13165
13187
13201
13209
13231
13252
13273
13276
13268
13262
13257
13258
13256
13261
13268
13278
13285
13277
13269
13260
13258
13256
13270
13287
13317
13331
13347
13350
13357
13360
13365
13389
13417
13465
13497
13535
13558
13576
13586
13589
13608
13648
13690
13720
13729
13740
13748
13769
13790
13822
13841
13856
13864
13874
13881
13881
13882
13884
13889
13895
13903
13940
13986
14034
14046
14048
14046
14051
14058
14065
14069
14071
14077
14083
14083
14079
14105
14134
14163
14162
14173
14188
14201
14206
14207
14212
14219
14258
14309
14361
14355
14335
14302
14298
14315
14356
14383
14390
14381
14382
14382
14386
14410
14444
14487
14514
14535
14545
14577
14605
14645
14665
14694
14709
14723
14739
14759
14779
14790
14797
14802
14809
14813
14829
14855
14892
14928
14950
14966
14971
14979
14989
14999
15017
15042
15071
15092
15104
15110
15113
15123
15135
15169
15195
15246
15275
15308
15324
15338
15358
15367
15386
15395
15410
15419
15433
15441
15476
15505
15538
15546
15554
15564
15580
15597
15608
15612
15625
15637
15655
15659
15681
15688
15699
15698
15693
15691
15687
15671
15660
15652
15666
15672
15678
15684
15698
15723
15754
15777
15788
15788
15788
15786
15795
15808
15819
15819
15811
15800
15795
15817
15844
15877
15888
15901
15904
15906
15908
15926
15948
15991
16023
16054
16062
16065
16075
16078
16080
16072
16093
16115
16153
16176
16211
16238
16256
16274
16282
16307
16334
16366
16386
16395
16404
16410
16414
16429
16451
16475
16486
16492
16517
16542
16567
16576
16616
16654
16691
16698
16707
16727
16750
16772
16781
16787
16796
16788
16778
16767
16775
16783
16796
16827
16859
16883
16889
16898
16908
16919
16929
16919
16910
16905
16919
16936
16940
16959
16971
17000
17015
17036
17049
17072
17091
17084
17104
17132
17189
17210
17222
17228
17241
17254
17274
17290
17303
17316
17326
17345
17359
17391
17416
17442
17460
17486
17509
17545
17576
17607
17605
17602
17601
17610
17617
17659
17700
17743
17753
17770
17785
17799
17805
17809
17811
17833
17858
17875
17876
17900
17943
17980
17994
17996
18002
18016
18043
18068
18103
18123
18144
18139
18142
18166
18197
18244
18269
18294
18297
18301
18306
18323
18337
18351
18372
18395
18428
18442
18453
18454
18455
18468
18503
18541
18565
18569
18568
18583
18597
18621
18632
18643
18646
18652
18661
18644
18626
18612
18624
18645
18665
18683
18710
18729
18781
18841
18903
18936
18937
18939
18952
18977
18999
19012
19025
19040
19052
19062
19068
19099
19126
19141
19134
19131
19143
19146
19146
19146
19151
19157
19164
19185
19202
19225
19234
19246
19250
19258
19265
19283
19313
19349
19372
19380
19395
19415
19430
19432
19432
19438
19442
19442
19438
19448
19469
19495
19509
19515
19494
19462
19430
19423
19427
19440
19462
19485
19499
19500
19497
19497
19501
19516
19525
19531
19515
19502
19491
19508
19531
19554
19564
19590
19614
19639
19651
19684
19715
19741
19745
19754
19763
19791
19819
19831
19828
19841
19862
19883
19902
19923
19970
19996
20031
20040
20057
20091
20132
20167
20182
20204
20242
20282
20309
20325
20338
20349
20358
20376
20414
20463
20514
20551
20560
20555
20558
20573
20593
20602
20613
20610
20607
20604
20611
20616
20644
20674
20708
20717
20729
20733
20739
20743
20771
20800
20825
20829
20832
20837
20842
20847
20855
20867
20895
20923
20969
21002
21037
21061
21088
21121
21143
21164
21176
21181
21186
21189
21200
21199
21194
21209
21232
21263
21275
21277
21275
21281
21292
21304
21333
21366
21390
21389
21388
21393
21396
21399
21400
21411
21422
21441
21453
21465
21471
21470
21482
21496
21523
21538
21575
21605
21601
21577
21549
21554
21559
21551
21544
21535
21537
21545
21543
21545
21542
21545
21548
21544
21543
21545
21553
21572
21588
21603
21607
21611
21622
21634
21646
21652
21656
21656
21671
21686
21707
21712
21714
21716
21718
21745
21785
21822
21825
21818
21823
21840
21854
21860
21864
21863
21885
21920
21966
21988
22001
22008
22018
22033
22070
22107
22137
22143
22155
22176
22194
22204
22211
22242
22275
22303
22311
22331
22345
22371
22384
22428
22466
22502
22515
22510
22508
22503
22509
22503
22504
22509
22530
22545
22550
22565
22580
22619
22638
22659
22656
22656
22653
22656
22659
22663
22667
22671
22674
22700
22730
22760
22767
22768
22784
22800
22819
22829
22860
22904
22953
22981
22996
23001
23024
23047
23094
23123
23153
23165
23180
23198
23222
23248
23290
23327
23370
23429
23478
23526
23535
23557
23559
23555
23540
23533
23538
23543
23554
23558
23562
23571
23583
23595
23598
23608
23630
23652
23672
23683
23705
23716
23751
23778
23813
23822
23820
23814
23808
23810
23815
23828
23849
23867
23883
23892
23926
23956
23985
23984
23983
23982
23996
24007
24018
24023
24030
24038
24042
24045
24078
24117
24152
24134
24113
24091
24089
24086
24095
24114
24154
24200
24252
24278
24293
24299
24300
24302
24299
24310
24340
24389
24436
24461
24468
24491
24542
24592
24602
24583
24566
24547
24528
24509
24520
24531
24540
24544
24557
24581
24643
24696
24746
24748
24753
24750
24754
24753
24753
24760
24769
24777
24786
24798
24828
24866
24910
24942
24972
24995
25014
25021
25015
25011
25014
25046
25084
25101
25098
25085
25077
25077
25077
25100
25118
25138
25167
25197
25227
25234
25244
25250
25256
25267
25284
25294
25298
25298
25286
25295
25294
25324
25330
25348
25360
25397
25432
25462
25466
25489
25508
25527
25530
25536
25538
25539
25518
25483
25442
25436
25471
25507
25537
25547
25582
25614
25660
25705
25750
25781
25816
25872
25928
25959
25972
25980
26000
26013
26044
26063
26078
26078
26082
26090
26117
26158
26199
26226
26226
26226
26240
26268
26289
26296
26291
26282
26271
26263
26267
26275
26292
26311
26326
26342
26341
26333
26330
26334
26345
26348
26359
26384
26406
26436
26465
26503
26534
26545
26562
26574
26590
26617
26647
26667
26662
26657
26661
26668
26675
26682
